44186
46774
36847
4782
22283
3522
39280
14394
8753
49154
9836
559
15042
24430
39608
45155
7785
49259
25206
44571
18023
54755
39710
7301
43018
55986
51460
43787
52406
41726
30885
17287
51475
10181
37143
51684
41058
35526
16241
53287
7530
48109
27257
40835
48670
21993
12885
17336
32166
36790
17488
11882
24104
41969
23549
29848
51047
44417
9263
9949
6469
21807
51256
4701
34225
28005
5771
19680
7877
52820
6324
814
47563
45183
52779
28452
25537
19876
40726
24185
18749
54468
41633
40325
27497
20297
8532
3621
38721
38465
24914
27674
1453
40370
41534
52138
9906
30276
49675
15955
25616
47714
38715
40898
13117
26548
4596
1253
8901
13044
834
47817
45723
36286
28459
2777
8026
54463
37578
33608
5356
26128
15405
31143
15168
35155
1257
33434
53555
43949
13575
25047
5549
45299
29009
32568
23901
54579
14300
43574
34198
21021
35953
22704
50336
25471
37499
3668
24761
22457
45331
12366
41799
19576
52609
51956
14117
15637
5972
48886
28314
45770
42586
30590
32619
47260
848
18489
147
10188
20432
41533
38541
45610
32722
30376
50424
41292
3536
5077
31960
53470
31626
40694
7848
29982
26167
55674
3380
51794
22468
46987
54049
49758
37083
37105
28544
2993
30373
37563
37109
25540
34096
45375
50353
51891
3828
24381
32843
42770
2469
31149
32357
40755
43923
40294
30700
31488
42154
19918
18186
33920
49004
54746
54932
44560
26015
29444
5560
45048
8898
8692
30831
48358
21410
51392
41584
25008
13485
24438
35403
48627
39984
16825
29058
24398
49834
16311
48919
18311
16507
19146
16748
14417
37246
6228
55129
34094
139
33600
50833
25334
44494
7277
3202
19353
19162
45936
51450
37682
35248
11665
330
38834
28420
30578
11782
23915
50188
8152
43185
55981
45712
37351
40892
22058
3671
27588
14380
29075
27832
49552
30897
17387
47583
51165
20088
32682
148
407
53672
4679
9048
2345
21680
49889
49193
50700
1612
20955
9658
49128
50467
27444
3897
25444
8884
43080
17992
2199
48196
55932
10176
21446
25163
5955
25190
2554
39149
38733
3618
12040
23912
33962
31719
10910
33848
39155
19732
22404
41812
42032
52796
35201
12365
23871
47647
7039
9456
38215
36446
50526
43893
9130
25608
190
26150
12262
55753
47192
33747
40764
27523
28149
28437
36667
4378
53701
31386
46086
35336
29999
54216
27660
49463
8188
50029
36826
56015
43617
48915
51723
31002
40625
35903
31015
24600
37165
30223
23260
28612
35763
903
51146
34591
47683
43852
40827
51703
34014
40138
7339
13157
4200
38146
49178
48801
20010
1910
4947
7853
24804
43342
20859
35046
749
27269
16703
33831
4576
42482
13022
45180
49370
1892
1509
31849
17258
50613
14112
32082
10633
27090
18373
41845
51647
23464
42622
34195
17643
10527
45172
36603
62
24009
25657
13876
4170
30282
11883
32004
23348
14190
28695
48133
6520
3672
30941
53679
7969
50226
44891
47997
42396
32598
20886
50252
39945
53665
45613
5382
33188
7634
6079
12978
20903
54085
52063
50276
53363
20414
13496
51525
42608
54183
10342
3572
50684
28483
43303
50499
54872
31017
5063
21495
2699
28689
8039
1641
42023
1104
7659
54650
56021
26364
26588
17528
18481
45190
44093
21773
40912
10482
27967
37725
12752
28126
28175
41920
42761
11647
44930
26887
12493
54567
27636
16503
6216
15867
6137
38345
16719
10200
15356
34401
26691
31927
51930
19305
32390
2096
43919
41354
42855
26989
43811
42516
53650
30537
50537
50056
49621
3862
40828
45003
22751
10711
14164
4241
21462
18243
1180
54195
8646
52907
48763
39266
23620
35261
42412
6525
1923
13707
44939
32659
47239
10449
51010
44990
45315
12221
44509
31414
42936
17327
46571
31696
22262
19728
14590
37264
20389
45240
13997
44683
3939
27468
17696
35001
28671
21994
17828
5495
41703
531
11206
14673
14501
16578
25810
52623
41704
29638
42257
29348
12916
47016
43137
33084
38668
36004
837
5416
49255
21433
21699
46862
728
52633
36994
40311
36310
8672
52802
10727
36444
48149
13484
25821
50355
31865
1224
42788
26135
33191
1147
38069
49116
21005
7384
26461
49767
20722
46980
54208
18741
22541
53886
48013
25207
1187
1984
43839
25571
52207
5223
24403
41735
24307
29416
54042
19644
39718
15428
19717
28389
22617
45935
42464
55253
55540
19759
31720
39871
18494
34584
8052
55116
46897
51161
489
26901
1133
20756
35041
14130
27435
24664
4926
29941
20827
7333
32455
51442
51274
19144
8441
22767
14856
13059
473
660
47730
27460
51889
13313
55499
22703
54517
28990
50195
33165
9066
28442
40041
12914
52151
49576
12438
24406
10881
14098
19984
39752
6903
21349
29030
50889
4955
20972
31330
15044
50447
26319
35699
18478
54576
47595
51849
29575
15353
26906
30155
11079
40447
46055
54415
50422
16206
52613
49307
33270
4431
39705
34959
52092
15251
34899
38434
9315
48613
13975
36180
35565
16332
30204
42578
15417
4157
17133
53527
48257
15308
45055
49858
13564
45588
43036
4293
43308
48998
25925
5006
33314
53637
44708
5016
13845
51349
51787
10807
44889
7867
37545
53551
7984
1775
40105
51099
27851
23955
43467
8595
5979
31703
42097
54211
798
38769
57
18887
6970
1207
17459
19275
3832
899
3101
44789
46974
54080
4573
33268
11922
37623
38508
24568
8108
6754
2361
2122
11876
47267
55342
29741
38125
9295
37245
53371
10959
18608
26840
5362
22205
5652
25337
54013
7192
19196
49003
12155
5525
6812
55879
18838
5690
3816
19352
54162
43483
7058
31190
48843
22108
46434
977
7631
35900
30796
13657
32864
50360
35168
39721
19323
52624
31209
50887
3270
43077
9829
5716
30016
16933
5085
48351
22172
54865
50308
23275
46302
15102
21809
29913
23649
40771
17772
48269
52882
24830
19819
41460
29503
19068
4531
10724
10865
26696
24471
22171
14276
5390
21248
51258
22951
48096
39298
5846
16298
44033
3146
15675
10494
12506
27072
40096
28162
20592
53034
28720
20181
44138
17919
32600
51323
5669
45616
54409
23676
14315
40980
38461
11210
39916
14633
46881
43161
24622
18132
14958
38081
35026
36399
7757
55889
38330
48018
36875
31596
26654
34624
53689
40950
22502
19373
8440
44958
5293
10772
1566
36304
39627
36412
26686
3834
15488
1028
23694
35393
38641
54067
17155
9281
38424
19751
53155
14536
50201
38942
9284
3837
29995
46849
52397
29304
4476
37017
55868
1014
27622
32421
21445
54866
47330
15588
14360
12180
54432
35972
20525
39986
11692
5459
29208
42060
24912
31179
53946
16768
33491
23872
6641
14384
12153
39179
22078
24030
5931
21612
24367
9178
22298
19387
23863
18551
43622
1587
32798
39797
50525
10972
45559
49297
8413
14776
34267
30241
33933
20872
38172
49086
36317
52905
17481
9125
10130
44131
23142
15361
4671
41117
45050
27394
7974
10951
14972
50743
35873
13585
19882
17514
14766
27371
53516
1230
39391
51419
17352
7716
1562
41000
31196
12471
38563
34981
49239
52745
21217
2021
51176
12431
55163
54448
37202
26463
19259
49346
26652
35512
49039
27050
52144
8754
6531
35314
799
14751
16687
48625
31139
1922
37680
7901
39877
11825
25794
29414
1538
187
14721
12931
25010
7947
48308
30106
45630
37209
42956
40353
14077
13371
1508
32380
50870
16576
44886
8082
2247
51119
5823
24624
42899
8568
52273
1635
3722
38548
43623
50045
34664
10000
21832
37374
38182
27596
18335
22782
39823
43278
26293
21479
40876
31954
32632
51560
11254
40221
50908
25567
25816
8155
17790
29974
55321
11638
40737
54679
40300
33382
15862
634
14847
50602
10766
43284
25555
3140
29183
51845
14966
12528
42785
54385
22820
7880
15146
5965
29155
6789
45673
43472
52503
13821
24815
34215
39611
14768
19459
39348
23663
6342
53240
38284
37625
28625
47928
27624
51279
44157
30494
14618
51129
22739
46870
46991
2214
35030
37457
50638
9947
42805
52697
15467
51142
35307
35878
40707
51260
3188
42330
23849
9688
24448
51520
2648
5792
2001
51983
30214
46678
5047
35737
22395
45974
50319
1077
54923
43544
25002
46058
26246
16894
41469
566
35989
44510
19120
18182
22986
48700
44224
33594
55726
51756
54270
38559
45564
3575
50078
38504
39372
28739
55698
12639
49215
44174
54246
55363
21551
32099
26636
44629
6880
36015
39378
2290
43115
12353
5730
55432
14999
43646
13394
19437
15052
20937
34571
4670
45954
8612
25745
5929
54466
28715
28032
37836
20319
19071
9
44655
298
6905
53357
51660
54543
46212
9642
25289
32914
18019
55089
15678
19762
5368
5533
5978
54656
28443
118
49710
53897
807
36733
36710
49397
12249
43972
52991
53127
7985
15643
46596
36785
5098
52891
48870
29230
10764
42979
21435
21949
43209
14433
24044
34057
53433
6434
4344
47678
54578
27676
1784
14652
29456
9270
34199
14256
20306
33898
20843
54949
10214
44040
48555
33776
30365
48673
6037
53620
1502
18031
19862
21663
14435
23295
54764
26553
10027
14291
25473
30081
39955
54798
17460
14094
27877
14540
5893
42098
4886
48916
44171
209
6413
39467
18363
8271
30678
24508
40351
2346
20402
52201
12588
40982
38004
53762
36777
25581
52619
26509
1767
27077
40537
49521
55334
22554
29836
28157
25314
20881
51399
25535
9685
1132
6294
15370
6254
49965
12964
14546
1367
37548
12003
54407
20900
15614
16492
50809
19474
13400
36398
22670
10039
24386
18448
36206
32160
25247
6685
11563
6498
51748
32942
52152
26214
29926
4703
36008
20683
11791
35104
20489
22690
27754
43693
54290
40920
30344
18593
37721
29643
23073
25341
36789
32717
14457
55925
47709
22317
8929
48722
5830
4447
27294
1543
26833
18720
51923
26981
36144
15769
50249
10193
27837
37418
787
9068
40195
46855
25792
30871
21357
1451
22996
41875
53521
23747
49020
15360
47020
9267
12762
27458
37950
19206
55264
31552
38229
31469
43763
5834
44476
17010
37751
5361
9224
37482
48790
6283
39531
40938
33705
43104
14547
32928
37195
36672
29701
49637
35292
36670
28776
4067
27055
19056
49967
47429
47742
32006
49125
13020
15651
15535
32609
18589
35423
47068
23916
40136
47768
11129
42975
41062
7034
31206
20394
17199
21348
11639
7718
15820
16163
3057
3916
50483
30055
43947
53680
13785
25677
39667
43363
30202
17645
45848
5874
8238
52823
45290
24690
50858
4501
6763
4762
23780
24004
12400
42712
25007
29399
20096
16739
34669
48356
41174
20662
35330
20775
25701
12198
45108
38883
46072
25979
1135
4733
2141
22163
36978
16788
25836
12413
50296
35998
2756
53320
41638
22000
18590
1755
39319
51421
11035
19411
17780
28862
43692
33930
19324
49275
20013
29832
53219
42719
14051
23714
47897
42939
7441
6728
27029
19041
13386
25442
6252
20503
364
31046
45732
33927
47883
25023
29985
16543
15195
2673
10103
35605
29485
3544
34073
48414
22435
38568
33907
8683
3850
48024
31399
28422
36141
52514
5213
8998
36484
46615
50768
23217
12883
27962
38684
52972
13620
15648
12969
51519
18299
34201
9155
50090
35674
47604
18677
51468
6138
49180
31943
14736
6225
34682
51287
26892
16023
26372
4973
3893
40500
28207
6124
18840
52948
26052
25937
34227
26068
29051
8296
9441
32955
53314
51389
852
31861
37963
26374
6546
15172
3150
41938
34719
32414
43267
9383
37336
11425
18058
38868
17222
24222
9580
22487
47234
44314
18477
52156
42835
36959
45419
34648
26018
2468
507
17706
46426
34156
1094
6387
55866
29323
36897
2240
3133
11518
23644
47747
46160
23827
20978
5447
20247
11360
37615
53466
42743
586
28243
50897
34856
51522
7260
39779
21209
16516
46288
46531
6551
27719
26743
49437
36887
22797
9697
7815
32096
13937
26059
45450
46832
53750
43985
9410
15153
7965
44036
12276
18673
54213
48982
50589
47869
50831
10349
20193
31609
5754
35068
19163
43210
4454
6409
23924
24658
2220
23894
52966
12311
19389
27039
33646
18029
18894
24555
46707
30043
658
3026
42222
55161
16148
45633
52342
4503
35688
7979
10576
37937
34118
10719
47417
9760
14049
20749
12222
13630
32016
37657
13569
27740
34520
26847
24967
38983
56071
27133
52746
51200
49466
18364
50543
55748
16756
599
20281
443
35997
41096
41547
15826
53792
55078
26080
1490
9891
28240
44638
46538
4094
14161
42500
24696
50975
47732
22710
34007
30937
3789
18959
17987
37575
8096
55372
52520
23698
13447
32933
53669
624
3982
5122
31241
36838
25658
6002
13827
15078
22350
13430
19483
2488
42040
20415
31254
30978
43862
51368
47295
39669
3739
13804
23415
37138
34128
42473
38652
38048
25823
52340
50143
2472
33578
36801
37401
45174
24408
27335
23096
31123
54756
56002
55248
13105
33311
42827
45943
47096
19348
15072
20123
49534
54194
18876
3305
55709
5615
12032
52418
41400
51036
1436
24943
2835
4873
28180
47282
32715
3460
55177
8431
29186
46869
30992
36349
51434
14004
45796
39818
33629
3899
40144
25301
28808
16424
37837
31037
36791
9676
21241
53961
24050
1140
21468
28106
3269
55103
36261
47225
19402
9468
36011
5957
52219
18893
53096
38581
43479
30486
1359
47256
15796
13653
37699
27856
37079
39485
46748
21884
25310
13510
25463
4600
22539
48248
12928
30833
30826
11178
4798
29552
24919
39244
25306
2696
4569
24764
23545
16892
49727
45092
31082
53080
42016
45246
23439
32406
26943
40975
39680
45526
25208
19957
41678
25559
29163
47275
38276
33623
45068
28610
10112
24863
31890
22470
43030
2784
11457
8615
55039
13907
13735
42832
22879
45731
55945
24759
35869
49396
43672
7412
18179
14001
29578
10036
16024
36890
51170
12826
46648
34631
45211
55236
46452
14076
24963
3538
18924
27822
9724
842
36419
53544
24314
38473
18281
35881
23049
7263
45113
9509
25171
1488
9396
39817
30062
22345
21
2459
41136
31821
55513
2766
26846
11299
4651
3800
36511
42816
14888
17349
20891
35092
22476
38322
55379
28600
55232
34043
31550
28967
11022
9773
39373
53553
15566
16382
4044
43107
32835
27221
16683
12519
14902
27116
11921
55099
3930
36661
14463
27150
45692
22844
28697
53227
38546
11335
17989
14914
4768
2020
52861
33371
55467
24873
37653
45408
6697
35576
40723
39915
20694
23279
3552
14597
22869
963
21857
22860
55544
46986
15988
12746
13973
21258
38490
10247
13223
19169
436
55894
17438
27952
15717
50228
26715
52187
32502
56059
54956
44189
40890
34341
49868
36316
42237
18496
33102
18668
4520
16681
43775
38975
50093
51611
33828
9736
11115
32497
24836
28103
1759
44209
4790
19896
17328
53919
36157
24299
22301
10414
8652
38718
9415
16094
28761
55146
11149
42923
12505
11669
23151
1834
17148
54491
54867
41781
50514
53747
47141
28932
39162
2368
24323
29555
3326
33369
55059
30262
51629
31688
14410
37071
47190
31776
25597
24424
20139
44803
51947
16901
6635
54286
42704
24669
10228
46570
11020
37292
8197
9012
46383
44926
48042
20457
7960
37754
49779
1975
21009
19228
34268
26082
55923
1067
46354
42986
48463
28943
38086
33395
20046
35577
46943
33050
52472
56054
41115
11944
52129
47936
10580
13806
10156
50331
47462
37501
2211
37990
25388
22772
23905
14774
46216
53323
17865
29640
19255
40818
50885
43382
28428
19241
52507
36924
52453
45757
48281
29261
34397
29476
8793
36052
25710
29011
33498
7085
35294
2314
22600
26183
39086
6842
45347
32529
41297
8015
26511
32898
24485
50959
35150
29636
22786
14613
1870
20230
27002
55977
36394
1917
21987
50221
32397
18213
10459
27759
7246
7834
39844
27976
13166
52567
31053
3698
39799
34206
3074
45929
33494
33085
55536
32759
10199
56064
4597
26273
52762
15580
13885
50215
23272
53242
898
44682
13897
1423
43188
11544
32326
48949
134
39879
43738
52678
21975
37921
27608
43024
50284
10067
6481
51372
8550
15330
44217
1918
23129
35919
34535
43793
34736
33985
14105
21153
52531
37057
15229
20087
40004
31103
15460
27661
55477
45461
29614
29265
18570
19141
22806
40062
18684
35246
11838
19318
19618
34570
35912
21841
1752
42108
39858
33211
5618
11987
23336
4343
36388
38396
41696
6010
30032
28670
17746
36580
4001
6777
2678
39748
37679
52809
33885
52668
11511
10780
37672
20434
25322
51209
1256
40947
48268
33329
38973
34300
50183
1364
21311
27560
9041
23751
9288
2496
55086
21904
7973
55974
22372
20815
48197
11694
32345
5226
39369
37366
36346
42617
6858
24694
48001
10437
10254
37650
27105
32131
31212
8402
33011
39028
29172
22109
31949
27502
55487
50455
41746
5829
13535
11637
6032
32854
48970
23879
41925
5775
31828
11468
44450
15594
9993
20612
50155
41361
39641
37470
27896
48403
2759
11259
50413
22838
13269
16185
51532
47628
52929
54758
4255
49877
33619
38594
31727
14484
50860
25661
46237
33762
14702
50084
19359
52160
3034
7959
14111
52433
44487
7069
8472
34291
34731
39328
52310
15977
32479
41801
2432
9494
1901
24939
25927
5187
18744
4810
14370
9877
47379
25026
23648
37456
4057
42038
37500
18072
4994
31844
12223
51870
10302
50463
11805
33463
1382
41074
53086
6713
44067
10387
22333
36592
50067
15544
55721
52554
44995
5302
42351
22215
27453
39501
38725
39893
3549
26389
37259
11676
55931
25501
54294
48954
54401
5544
55029
575
21566
30304
42842
34778
10385
33036
37832
31408
41734
45456
25659
7625
13211
53576
54918
26620
6638
12230
34056
41998
49697
51929
15316
5409
7883
14942
34425
20468
50059
40151
40833
20850
40487
20064
24778
27476
13385
49443
12621
29632
646
55151
50821
49127
50288
40056
2827
20365
23820
11806
10716
51589
37886
32482
32873
20172
3637
3750
42999
43610
52916
43486
42913
18802
49492
15183
44678
31786
41497
40874
40731
27626
47114
6794
441
2671
39765
3812
32027
52214
41505
50918
42995
46664
7133
18652
47782
34328
47470
34422
30864
14121
22697
45727
29500
42386
7182
27972
11158
8191
23975
11066
19510
1363
7692
21917
41566
49320
7332
9574
31599
46850
26772
342
34125
38411
17651
6255
49610
20506
33206
11324
21085
49980
50782
40854
21025
39363
22693
55863
31392
29513
44353
43054
46401
51390
28498
55410
28256
33695
49960
39368
54536
2728
1576
2821
32293
8869
2148
32657
50236
23228
3749
45701
45358
28038
13141
7212
1266
44948
41346
53209
26853
12143
33516
41028
45912
49736
18930
54371
39992
33331
21795
36633
27770
35072
43004
11523
9093
32097
34748
12138
27331
1629
9102
49791
22304
17925
40862
31769
45962
7254
54523
5496
9577
44734
15402
53613
36285
2601
6095
19583
39695
3537
40712
1361
45463
23559
41202
22192
15035
41277
34544
1264
3573
8785
21556
7453
37335
54741
6271
54271
30621
38178
6877
8309
18416
3029
34667
17149
22732
54175
18230
22444
48750
13431
49351
37201
1528
19202
14922
45472
25409
25832
6598
39352
16260
7490
26506
14783
44437
19142
23799
16071
36081
12787
43000
5494
49285
26917
48315
4303
43864
48091
21301
45500
18733
54929
12395
17211
49250
7584
55905
8114
49476
53404
51032
31758
26946
24374
38007
22768
48139
7916
51863
10568
46524
34334
28421
38768
32486
50779
34808
55058
42893
56062
11256
29933
19203
30251
47536
9867
10015
17536
4598
31122
4895
8499
48306
32616
16590
33736
21565
45643
55794
38476
25847
9498
10090
41407
24916
53983
29404
22012
26242
37707
1756
12858
34709
26678
497
4549
20285
29809
29538
18639
38526
51386
5949
34606
47203
470
25248
27153
19384
41611
51572
10785
19572
15048
35804
46004
40864
29418
4966
54966
8675
9631
7613
8722
35659
11413
44029
35256
14949
2269
17691
518
17837
41440
43179
41784
32335
50439
15711
35772
52708
19613
34892
44198
30798
23429
13115
34655
8350
31850
4451
55478
14216
23245
26334
42993
44053
18693
9460
37070
6125
1473
14951
47102
20646
53055
48059
46549
4331
15632
6603
45424
52217
47868
54090
3736
30774
36744
10968
8295
27968
20834
3318
26527
37606
7395
50969
1993
26165
41886
4249
54774
43453
22335
19011
15744
41212
12467
49347
41893
3235
42214
23653
6003
25714
38376
18520
52799
11810
10137
41271
23154
9903
23963
28615
47939
52727
46341
30576
3663
18480
16335
10431
7469
4518
17035
17836
40196
22415
41394
2068
36358
25518
51527
53772
29026
43362
21625
13865
7604
11089
25826
3659
11161
10900
25967
1727
25311
34286
14817
19027
14320
18422
6871
37119
53703
21347
45447
44850
23368
26016
7030
14770
736
10175
27200
5536
55367
29789
4111
31895
7257
790
44951
31718
20841
3147
28829
20925
52594
48086
8631
8710
52775
3425
30101
37052
30898
38689
51369
37743
51804
53410
32534
25585
45949
6438
51183
33344
2848
42350
10998
24806
14984
40248
14232
48883
9860
48770
11100
37572
21313
17464
5767
11473
2474
18723
55257
15322
16935
12412
53945
29175
38379
45435
26635
24102
40214
6687
31565
35270
39483
33591
33518
32572
9203
47554
23184
16204
11860
2990
49814
13417
40996
43259
15872
34756
6867
53259
42411
32543
2677
22419
38791
19076
33956
10496
56065
14640
13810
44265
14400
41692
12768
47438
39128
4449
27056
50238
27290
1705
18519
33543
47757
48144
33716
22277
41476
46978
34419
31925
5855
14690
26888
37146
17685
46300
13854
47618
5761
9264
20104
24202
12305
1091
30031
3676
51848
19813
27779
27807
43586
13756
22403
9828
2389
27008
51359
25754
46137
14694
31482
30201
43396
7015
21094
35343
51691
16633
39351
4937
51041
42114
3315
41901
37305
53581
24357
6921
1596
20581
27135
50938
4389
31040
49572
30351
33548
34723
1907
46373
46620
27464
53400
25907
23007
22041
16039
19756
7863
7198
6389
49678
1825
16062
19263
23274
27298
42552
1532
23491
247
18441
24300
39299
17293
49811
34880
54178
44988
34052
11430
31863
31100
27256
21124
44367
45550
32056
28409
27646
19419
43127
23133
46739
49168
26211
38732
53218
13013
38430
3115
5209
620
48956
51710
45659
25900
16757
42244
10886
22140
32833
16660
46982
15121
44899
24238
48101
20510
44071
51914
48036
32702
17135
50646
42729
27576
6013
2483
31377
29783
41917
9172
7537
40697
6746
1853
45372
1799
40258
42387
15656
21023
45922
10097
17540
3419
7139
12982
13131
51880
34245
31162
30371
29259
31551
1582
20609
43528
38634
14838
24672
13705
51671
16459
32362
32452
767
10598
12008
41978
6542
53221
4739
28019
48834
29210
46922
53776
28771
55703
26453
20399
35616
48347
18823
40556
47788
30996
13768
49144
41737
35622
25313
1981
39199
27730
54366
42182
13031
4350
28548
8668
36042
21372
25343
27400
13418
46859
17603
44733
48717
26378
4038
47097
23782
25994
22998
29683
6533
16743
34831
9310
45332
37705
24498
35402
18637
50796
23028
52967
46238
28888
49906
19488
51687
25209
23224
47913
3895
34494
13129
45556
25294
48266
53523
43710
22043
32906
31068
10048
48594
46951
43319
41029
31814
14615
50081
1713
46773
46096
16649
31332
7480
14782
31708
35400
33713
37927
12774
2540
19525
28837
16112
43809
33380
14007
31837
12112
13603
20355
12376
40659
49839
5265
35534
45056
35278
169
36448
12232
54596
34552
18445
1889
41538
4036
40957
7687
8942
33352
10501
39267
27580
1487
40001
48486
42959
6559
15797
28863
45794
14900
18028
49829
23702
14101
54604
44425
48183
3173
26810
30676
48258
34553
47083
34240
51976
17927
25261
35829
6845
15642
27698
11956
27012
50390
40368
3681
40900
33177
29084
7875
24215
12500
16716
20705
37434
42123
41782
33807
6096
23436
52100
34896
52370
9159
13786
55149
15327
41331
11561
50871
43647
42772
10080
39633
47411
41645
50251
49874
2482
36589
42289
2281
9377
17765
36274
15171
9004
17868
10443
32389
47552
29786
23361
55411
38145
54784
35656
12379
35723
52581
20220
3447
35896
13079
53951
48108
7704
42925
5899
11733
35008
44537
36158
32312
10925
47518
33411
2886
25685
47039
28716
8253
35587
52536
34023
9371
46796
16006
17781
517
31481
23866
5928
680
43631
42199
17736
12897
52080
47783
54641
34317
12961
9108
11359
46153
4584
1979
45310
44920
39553
33137
8340
32395
39787
19638
53594
9006
2434
44043
47527
8948
13967
2560
30211
50415
22191
48880
3774
40375
34675
16377
15496
50273
38787
3694
44846
13048
8316
26627
36415
48809
11415
33420
16398
3292
21767
1606
14196
369
6173
1420
8308
26235
15070
9657
51682
49126
29033
4061
43477
19719
40984
28214
22811
27997
20082
942
48346
50971
42286
41690
33228
51559
15303
44368
43352
51552
29778
51007
37693
38886
49698
46887
19342
36677
35765
44444
17429
43761
24167
4086
17731
17733
14704
50227
15920
33203
52789
22932
35494
42745
42281
48044
48576
29480
19110
20266
28319
2987
7755
47664
29550
22601
21376
39859
43435
854
16469
55907
11556
35581
24490
22561
51055
6266
44630
23018
22874
50731
24255
39247
50437
28747
54444
30173
42942
30350
31076
1711
18617
38790
55976
50720
14500
3182
24809
39245
43248
26748
15256
46080
49884
42395
22565
18540
45841
35993
15086
39956
43965
5954
44419
12575
41502
46601
975
43005
46150
22904
18546
50418
30801
43207
36943
15645
3011
21792
15887
28078
1048
18471
30919
36163
52921
47917
39260
31265
20760
2300
34910
30905
39845
25505
25438
11154
37076
37633
9747
19121
24316
34016
31281
54593
26608
8486
41276
35328
31980
38253
8656
40150
6829
55560
9475
30524
42641
19973
51696
5858
3566
50552
4964
1863
49216
38708
34695
7020
556
26651
21049
7534
9843
25466
10788
12227
24271
15444
54685
25628
36370
13351
22417
22376
21866
2874
36884
2709
46950
26208
3864
39322
13951
40879
9535
25932
32749
9839
46417
10944
45558
6662
25468
40260
27631
19433
25975
45937
1874
43108
12428
50653
54800
43772
29438
45031
39353
39442
24443
592
27329
35758
55178
10521
44705
52124
29116
14601
43084
40025
39274
53141
5363
11329
11650
31216
16676
28366
12686
13939
55128
53465
16886
7164
54619
1378
22420
25626
17717
20632
12865
10085
44162
27382
37999
9967
7345
24119
53112
11989
45193
32408
16988
13406
12047
54701
21731
25943
45169
40544
18615
13073
42053
199
22101
9694
7857
10123
54583
44446
7741
29565
24124
11202
51376
16078
17934
7762
18447
47971
44495
9598
10682
54917
5234
35661
1388
26708
47879
26561
25274
7160
48646
52140
27835
23956
8476
30504
4144
37627
54319
38610
45863
14403
44475
20032
33456
46187
38822
16906
54801
8859
52650
31243
33297
3655
3056
46099
29272
52842
25611
28228
536
8577
50487
21107
22936
26843
20174
41103
4974
54547
14898
16427
48660
33141
1517
5111
13746
2973
20450
10762
7678
8399
14743
53974
16166
34839
24833
25162
48780
1321
46038
2252
10367
27918
37283
10160
48925
21472
45947
29952
37271
35586
51887
29537
52348
1031
36660
20346
25725
8743
55516
5438
15735
31695
785
11427
31344
33473
25720
1340
51927
39561
13731
24196
11933
20429
28494
34608
47257
36743
23220
42312
49096
32412
9423
3370
11710
1428
43690
2790
26179
22297
15801
27615
3025
50133
10125
19269
54550
24181
51364
7840
55268
38216
44015
7992
51452
36313
31615
50421
49998
11040
19343
41605
11548
15329
38310
989
21117
16556
8514
15008
41816
45533
31291
13145
30128
53395
35460
53499
43354
9719
22074
9168
5383
42169
27695
44213
1777
39134
40577
36927
52630
21128
24149
29288
55728
28531
43931
54876
11743
17703
22525
45095
30250
13712
10864
39872
730
28889
1445
18043
851
38996
2805
39970
42888
25962
23444
15789
379
3401
55914
3458
47147
54205
48917
24630
36564
53636
40442
28664
52206
13976
42104
35614
1965
15050
28257
45910
1642
2439
46528
28300
32740
38005
25000
24736
46831
55689
45047
30968
5733
8558
2169
36139
5273
23146
26181
17688
45867
35569
36799
28042
7366
53935
6028
39081
41771
29309
31930
49329
46843
40385
38764
45615
1438
44654
38900
11662
30862
42379
133
9292
47151
52175
33756
2577
49498
43465
18647
11091
24500
10978
46990
10164
27509
16031
40141
39882
35952
42870
38846
2984
13936
47585
20764
36381
27758
20754
48847
35018
46731
16178
19376
12275
20853
2387
30070
17720
43683
42962
7725
11586
31538
10445
50748
44009
27667
51285
6821
46423
3431
28347
31169
16285
6854
34455
18263
9082
41177
8000
27021
19963
16201
21940
31118
21219
10338
40309
9355
49537
55047
38971
16337
24824
47521
38522
39228
50757
49785
29998
702
37074
10994
23086
26164
869
46743
44882
21066
4710
32394
34292
45672
42681
41660
25875
19349
47359
8585
24417
25588
46801
29368
5114
35813
19753
33599
49071
45225
14362
37949
16123
8042
43073
56036
54098
6056
6976
24735
54204
15876
8022
54889
14287
49415
55325
10362
20370
46918
48525
15088
14717
37325
53397
34677
843
24589
28133
40619
7022
38348
7178
10370
39923
36392
23696
22174
24123
46481
26947
42573
21051
52468
27868
35797
31025
36070
47390
19028
5644
52782
13155
37614
50800
39318
47990
1968
4606
11714
68
35320
9823
32584
13511
656
5305
19773
24700
34737
11671
50498
30213
41221
12557
41922
7455
5873
39452
17977
8685
8990
15123
7885
49205
8806
23636
2761
18268
42422
3996
27310
48713
45389
29842
33179
26223
402
18258
33612
10877
7320
30434
14761
17530
24918
50268
37842
39330
5719
42113
42725
48159
55956
10648
11233
23264
40533
5694
12216
16234
11400
30696
39304
14090
24479
55430
28521
10937
54863
45606
39551
17166
47333
24822
6933
26070
6070
29490
35976
26106
35542
12060
48363
52557
53358
56033
46944
15209
11013
26308
28513
45950
22363
14348
52983
23448
1913
24969
30802
35935
24792
17954
51718
16588
51548
53617
50417
23550
54275
20751
17879
37595
40450
13668
36948
27017
37037
54607
8392
10862
8548
18683
55272
55439
23693
14687
8109
12378
15699
37875
15961
7796
54891
55511
49517
51536
36219
52826
35726
51351
46624
6626
504
26305
39691
41671
5035
37442
47393
48290
11894
40849
40732
19057
7892
21006
38569
525
29312
34673
11815
28947
51388
23486
25549
6671
49580
33821
28025
18008
38856
54779
10958
39855
3262
40774
34391
42817
42957
45127
47547
19005
35357
8584
24934
16614
16183
7444
6379
20378
24985
54258
38161
5746
49349
22647
8241
39313
47154
45147
11025
47001
3667
31061
30324
22030
38800
42162
50681
9677
29262
20618
35366
41473
28650
18126
40436
54626
14206
48313
27875
2257
23601
49267
46582
45948
36712
9272
19409
3634
38076
54707
33452
46842
53724
52165
46996
15390
14693
5939
13260
50590
6067
6381
26985
18130
30312
31225
48531
30918
47482
16709
10430
23110
25389
25406
6515
10216
47273
8661
36888
29113
22948
35171
9805
41794
1078
1897
4175
43048
53785
40617
19968
27681
16577
36731
46872
12942
40615
37123
38023
30056
9042
45755
46780
13276
8533
21280
12512
46592
39445
50917
24428
48910
19627
11165
48378
20673
15875
10116
43691
13716
32271
49929
41018
37914
9434
28970
37976
3040
43534
5483
31543
15458
46016
43901
6094
43594
36202
16721
13904
6762
52131
46164
26203
15676
5745
30254
16280
55790
18366
54909
22308
45705
18664
36949
53791
6063
2870
36334
38749
20864
31747
38140
51940
8819
35841
20617
53782
16880
49716
3545
12520
22287
33216
39866
7851
14660
6959
4030
4121
2025
14225
25959
41665
47512
12066
5520
3175
39003
51191
33691
25272
4533
51268
28181
3602
19629
46411
10591
48045
45034
27768
12747
285
55598
17859
22248
2039
16026
20822
26935
21741
3842
54084
10686
43634
15743
455
23181
1573
24405
11171
32692
50712
46240
21396
15017
55385
14787
18855
22757
35115
13793
16672
7609
2095
45820
50278
24250
40594
53618
34480
46103
22353
2883
19012
31767
15477
36539
37254
34044
8624
36714
4743
36903
22946
21046
29363
53311
2914
50024
23748
33909
22213
1433
26142
22265
23736
16179
26301
51635
38176
52392
40274
55898
56076
13981
50669
7483
27383
31843
4878
54226
54541
44202
26515
22484
23668
11150
50472
35802
53249
30356
5707
35263
7740
49464
44857
50468
36818
22300
17054
11787
33671
43946
54052
45806
32270
30906
438
5128
16536
6473
34365
51864
11164
43047
47924
49990
46139
53399
30182
38527
16555
30665
52556
35221
35729
55545
41631
25348
7765
17567
92
34405
24812
49827
27247
40553
21030
36134
31554
21801
41615
35386
4377
26098
53805
8698
10636
16249
28711
54145
45448
40868
55445
24530
53457
46726
43263
812
25263
41562
31014
21413
49669
40913
56055
41016
2356
48836
44960
17197
43097
36749
20391
40317
10911
11790
5576
24509
29128
52345
25842
52324
44228
4507
40081
51278
56003
35819
46578
33091
51711
44639
48453
24879
17857
16484
28996
30340
406
48050
26407
54287
30404
2717
20605
49068
46355
27820
13715
44390
13136
32405
24329
48549
34796
22810
42603
17489
35690
509
16360
5108
23138
39957
6195
40321
12356
49342
47107
21187
5661
25901
47775
30639
52487
16807
23320
18514
19369
22625
13148
23490
42969
31694
18433
7720
50365
29325
27673
38676
31324
24574
5547
49820
43270
4632
32675
35592
41603
8072
36059
22550
4356
40186
37703
8596
21358
36041
11038
50783
11954
34102
38393
42814
11153
33781
20214
47846
33932
26523
26997
17196
37238
44142
5770
51012
45699
29607
45393
47813
6468
54795
40205
33461
9317
52497
31466
45660
24356
1332
42910
2592
32979
19788
54278
26612
28109
52592
26826
13676
21673
45383
7120
45018
50936
24412
25412
8014
51431
16378
51457
25719
45876
43325
20102
17916
17926
42474
3073
14953
14053
24989
1330
8002
15571
27715
14429
36498
2623
37316
39150
10218
36530
42940
36031
34654
8324
40922
55568
28237
41856
4614
18883
29088
52654
40781
48659
10323
38658
11809
5974
9294
4493
32051
27707
42653
29794
3488
28517
13124
18437
4678
863
49219
31057
54792
37234
10859
8405
4517
42593
53816
55419
16017
21384
16498
49542
34279
13424
53673
31007
3400
25400
36109
17276
51288
25928
45242
18754
30102
44481
13710
51195
16866
21132
37920
37303
31675
31205
39001
52401
43258
10111
55433
51836
31802
9822
53188
35013
16827
43786
12298
50898
25596
21147
36764
572
9564
44559
45274
55873
46311
9978
50115
25664
44974
38416
47748
22396
35759
45528
42174
15934
27978
44522
18069
36595
16622
11217
578
54718
2599
6118
36124
30177
23363
51277
3452
41169
34928
55811
17392
17563
46324
47942
38265
53444
20136
2732
7739
37933
52049
2310
7499
47061
39287
46654
8905
40185
51289
13142
54938
13412
37124
32627
13704
53257
45880
10099
34439
1780
38384
32219
30483
10869
31752
2878
23716
42701
34418
47471
3913
7145
37561
55685
28218
19327
30592
9648
51901
55841
4298
45093
30194
33929
11754
14823
33685
49305
9208
52570
49454
1548
44389
16547
701
42479
47370
2597
47232
33335
48955
16970
13493
51435
53356
3773
30181
847
20785
47871
19962
26912
8129
9469
22491
31686
45043
47695
33508
32571
6782
33947
16949
25178
55393
3461
10650
50591
36538
30252
15185
6268
12346
7990
24120
3075
1126
11444
54244
30733
6181
21043
44936
29195
14621
21610
14335
37011
2176
16283
41412
34992
55996
39796
42929
23532
20648
52228
12319
47366
52767
11130
6470
31124
44742
25835
2301
33851
6388
8860
2855
50781
1027
5365
13369
29816
887
15367
19106
45529
3050
53606
49904
23294
38706
42802
11753
13602
8894
43880
6417
47650
5269
6
51773
1898
29085
45835
1895
5062
6265
19621
44091
43976
48393
11949
30477
970
46563
26114
50982
15260
46437
45938
13098
45515
33379
49753
42702
52381
7761
8820
41663
28485
36106
43173
29017
1598
12767
24825
4448
20938
49081
32201
33604
11923
46404
23313
27541
54155
24747
35543
33470
23528
7844
38481
11394
6247
42890
9826
19840
43532
9725
21391
37639
47475
29236
16144
40316
12877
26219
186
43802
52194
37244
36084
35779
51681
31425
42294
18308
34759
31372
38129
33531
21149
34882
7778
27170
40686
9612
6496
32860
50488
7742
43892
52398
20189
1737
55221
3745
23203
3532
44324
34860
23417
26168
14329
14024
48959
27954
38386
35015
32911
20108
36510
18808
8198
9462
32869
40801
47500
21161
10690
29494
28823
30334
49854
17176
11325
14274
54424
55534
51284
35500
41931
42056
49234
28367
30183
43550
15893
46609
15410
51212
28376
47347
26091
36543
12289
12304
12708
13395
2024
41401
13961
3288
34636
43867
55298
39596
54304
33174
26368
25921
42115
55319
29679
52410
19856
28646
19914
15777
3077
47934
54388
21850
5075
15413
47162
31125
8454
30514
47893
52072
39813
9909
49389
38183
42153
32817
44799
54979
48035
16330
53656
53869
9832
13122
39707
1953
31248
41215
46844
10694
32623
31986
7495
10828
12417
39468
37840
18322
46723
52007
13067
12327
5941
43670
15391
21420
46577
13544
39239
54747
22199
3627
11900
37961
9266
11529
25379
37883
33490
25557
53051
40188
7758
48735
31751
871
35207
16189
9784
50497
21387
34800
52751
30175
633
46500
17131
46914
21154
30363
25859
45079
12242
48250
51037
29249
17043
12872
22429
45202
12435
33481
29093
19806
6636
10811
43026
25978
52396
22220
26041
51213
1287
21696
23255
46906
2057
18303
35040
51193
8739
42642
4839
8694
24162
51252
26144
39702
54121
4872
39230
9886
31178
27425
11084
21598
33283
49746
2933
55346
33385
33669
23036
6078
34518
9086
34098
24805
8204
52224
51002
51232
18250
42796
54413
20810
38421
32548
54901
50258
11503
29594
48981
37158
4244
27778
51996
50466
12595
32369
28713
10628
27456
31501
3151
53119
32272
47972
39883
51046
16900
11251
28683
45140
46595
30225
29278
20197
30770
7611
5996
45232
39740
10564
25819
10534
45051
17797
46377
44454
17518
41219
35764
19311
52729
30852
14437
16403
29373
32007
48688
7021
37517
17071
44221
46131
22689
38948
25843
2920
19724
46317
3411
15649
35791
10378
26495
10366
36531
31836
14818
46522
52971
2008
46100
47297
12706
29415
40593
10687
32754
19265
50932
15755
16798
24157
17537
47589
35048
49647
13152
30083
46183
21449
22145
54206
39303
17546
46547
17277
6795
33065
22926
52013
20364
25320
48517
27113
25534
34249
48478
54697
53623
27566
48466
47167
30272
378
3569
52277
20200
34431
24856
52831
31282
7470
35200
55686
16124
29012
46286
7948
53548
10417
45406
50741
13601
47443
17882
2815
16675
3680
37871
40263
25225
34502
44258
48849
12049
52788
41839
9555
21078
47502
34382
18297
18042
6487
23047
13633
34488
48588
41345
9852
40181
27563
6179
24782
34783
30603
25139
809
38929
20663
49220
21176
32432
42738
25838
7497
17533
51201
2427
15060
50248
24063
50806
49348
33202
38553
16654
33998
34147
6215
19911
45002
13872
11946
6912
47078
26761
14158
8655
49024
22865
38175
48495
43974
40665
36312
49035
39140
12468
38503
1668
55855
13254
20901
48842
21015
55576
54252
19108
24210
45091
9189
32061
44017
389
44987
36835
28413
22552
50282
23085
53134
47199
45487
3752
6717
39449
2049
34849
54808
23868
25576
3763
20322
45157
36763
48174
8613
26361
28979
6998
984
30402
8280
44451
1740
126
29297
48993
1351
40229
34187
14371
38268
16948
22065
28473
31542
6141
31869
4624
41124
26869
53608
50829
43089
6738
55475
46749
2978
3192
48448
19234
32143
41550
39327
6677
41397
25667
30895
45029
29419
7504
36597
31680
37250
31569
18976
38876
13380
38921
38817
39593
40473
37516
10263
51751
32707
18190
5008
52146
13596
18919
1366
20235
10075
52670
10721
30024
10543
19845
26693
53023
20988
3008
18180
38200
164
33631
36299
929
55098
16885
53046
30746
10121
37885
50200
28675
3876
53483
7240
4530
1284
52852
32427
6129
20689
36950
51531
13519
33609
55551
14181
47551
50178
42434
41317
33046
44085
41387
3207
7456
33784
31424
8976
34163
19266
26051
53655
26568
55727
8343
41988
7550
10255
7472
36839
696
14234
19143
36472
10221
54999
45153
48580
20188
29260
4461
26610
38785
55341
47908
42553
7591
22851
22962
15092
19043
19346
14979
52094
18689
18393
29056
12280
29180
38010
17568
46094
44743
21861
32048
36947
53041
17412
33266
2005
9490
31772
40013
42217
49458
10913
54126
14211
1248
27122
37199
44301
54700
14885
28961
29621
27864
25075
14467
53389
40068
26564
37483
26676
25777
27209
40652
29916
8658
44372
35830
152
35877
31388
1216
17525
17624
39411
38071
10967
17809
12753
15747
37339
156
37573
53111
34493
49545
34167
20746
46253
15465
13153
41283
25801
23632
50599
26331
54783
39058
21414
13180
7679
12285
14014
15063
36435
54217
53713
31808
13849
4899
29364
36373
44002
30156
29543
7105
39097
13924
5396
55060
41129
38090
10928
28416
39498
23529
23233
6837
54348
43253
10424
48249
3100
9529
479
51438
29131
22107
30660
3633
24245
23570
13120
21141
23777
7551
24915
41948
39332
17208
33611
16801
32067
41714
12034
33147
25192
45053
46157
9363
3746
23986
7371
17952
44459
45129
44418
4252
52691
39744
1261
31563
55946
19065
21091
13370
24712
44182
21494
53060
49996
4968
49378
45865
34435
29793
35128
53831
6859
10939
28492
8289
30315
43261
50678
33922
30503
242
48859
24128
44963
19127
3051
9749
11293
21963
32977
27043
8045
38073
43664
25779
34310
54232
17259
961
27507
23978
46799
47560
15011
11601
8779
3265
45965
33018
13374
7237
26158
52626
54376
41809
47054
6452
12159
9735
22410
35893
45602
2706
28208
42063
50894
29669
35090
51688
7957
22659
30849
38756
44957
41326
17426
18030
44058
26294
23687
51276
32035
21657
45428
27865
22749
48672
25936
22662
16888
18388
29914
10081
10759
55244
13434
23860
55294
54334
4188
53674
28714
6312
38223
10947
43642
21634
54776
25458
41225
15351
15652
45663
53386
53437
49821
52101
44150
19213
28320
52234
1760
6209
26022
20728
26472
2372
1820
35703
23681
46529
26172
54034
27570
52313
25446
46498
19645
4208
14990
11540
49832
36899
2506
16684
4432
48127
42436
28130
26250
52256
12211
1542
10084
39857
15132
18982
33290
43658
29889
2903
18679
20223
31745
31492
55820
20448
38621
31889
49424
745
28908
50758
22798
3365
42010
20604
26741
7962
43124
53104
54733
11065
42332
1552
26940
40165
18597
44698
22680
6768
6893
48476
55258
4071
14442
12548
38952
29878
9392
10666
24776
11976
31970
41095
36033
6772
37309
34884
1317
7142
33074
28591
2246
13879
129
44644
15280
2170
12688
20001
18105
42769
54091
43570
11914
40632
53562
44726
26112
36829
9059
30132
33798
48440
9308
26412
8179
10002
21788
35167
11342
34999
5468
50992
51101
41080
52933
37133
31452
34158
6501
6884
10704
3353
36708
37612
54804
55599
29965
34971
5341
40846
15567
21482
15397
24007
50344
16569
821
52741
48327
8348
17694
2124
13184
26209
10101
9180
24023
10557
28678
29815
144
20550
55653
34438
33253
40503
28541
14788
46782
54065
37607
23758
38365
45915
44326
42159
9972
6302
29754
6701
46175
2716
42582
32258
16712
43213
49076
50541
39936
18251
27801
27900
53889
8230
2638
27338
4581
9644
14897
22890
35889
47719
44264
32439
10078
1864
37601
14659
50973
33092
52289
26723
45964
15974
46149
3060
9995
44620
21919
31346
45381
44586
10423
52119
30642
26862
14192
29749
8331
9442
25633
8636
31455
13840
49310
5739
12191
38938
6307
25303
9620
15907
53554
47916
34986
19873
29294
35748
9424
51122
34532
33871
42382
23938
32638
36454
16215
46788
25147
45238
9770
21706
12203
1337
30720
37069
20904
55995
47978
4704
52682
18394
49053
54288
2668
43836
18131
9187
16272
49782
55572
32288
16541
53226
21340
14073
25143
28068
1008
15587
47802
23455
6485
577
39091
17032
50286
29996
16218
26669
28584
2254
20280
1808
3097
27550
2809
31283
43481
24931
33915
2564
2128
40131
36127
46168
24463
22321
55606
48922
11988
54429
4496
1715
38457
40235
7207
43714
47291
1929
26465
15812
53534
36044
249
39494
6033
29382
36149
54201
3304
24028
55201
42300
5626
23195
39143
17740
227
27742
48714
45444
38703
27680
33958
45010
40969
22401
47394
26072
17963
46818
18340
3157
48307
49478
32591
38239
33592
44703
31299
16320
27268
15182
8516
28788
49708
54351
17750
51693
33628
37652
47137
7805
21458
1838
27586
7701
16271
39346
3230
36686
21588
55575
13466
55303
13671
19511
22605
47430
33041
21060
51328
55913
55565
10219
13829
55507
35607
29717
48385
13940
22919
12494
6171
14365
54529
53485
5375
37385
52084
32524
11053
21235
337
51254
15478
13912
40306
14341
37854
16076
31578
45325
39648
32343
48242
45890
2466
39513
47281
45431
6030
51095
9919
12632
53657
49045
20443
43422
50872
31410
28649
29761
3392
8484
51188
36858
23193
1882
26067
5398
31976
51033
1522
8800
11783
1025
29864
53537
21249
46070
30909
53898
17273
29050
19180
37761
14134
10207
19659
20926
45001
46053
43227
45955
46764
1208
27826
9950
50108
13042
16133
26323
38820
54199
42172
39396
54069
35836
1348
31115
19804
28957
55943
21743
30520
6875
9046
33537
53078
46817
50568
47903
14411
5426
45453
10398
9358
11693
20682
18655
26747
43729
2977
20758
22548
42306
35720
4417
38414
42506
10763
19884
44578
36992
29375
17335
21520
1117
10083
3124
33660
10211
3426
40269
40212
4557
16510
2212
39747
5454
26757
36966
13627
18074
30026
34278
6917
50769
1115
55274
10415
14514
1647
15618
1204
12424
17761
1747
48423
33818
27273
19980
12409
28223
21819
38351
13677
31230
26336
12852
10889
37549
39870
10435
44925
5833
576
3357
2467
28644
18722
19626
33484
32728
35473
19412
16389
19177
45054
5324
27220
10728
46646
1318
22360
44884
5351
54915
9254
6159
11453
45335
41291
52054
18585
12324
25440
5623
43918
41413
22620
30253
39491
10114
1215
49377
10105
39007
26416
41667
16897
33254
30782
32867
34116
12833
12811
47166
49282
20211
13758
55095
40581
15297
42223
46800
263
29823
52640
25691
9571
46942
26057
46826
37092
3648
27168
23330
41442
5659
52364
37626
7147
4285
27611
24449
25650
28727
12357
30037
55353
50324
48966
32093
35927
13905
6064
20439
5519
49918
35075
14482
34715
56052
20908
54230
25748
54910
28271
35676
35009
40857
11116
55282
55519
18426
35527
49838
32527
2028
49418
28356
20228
1046
20437
46406
1201
50345
11614
43930
30171
9789
37724
45498
55980
34078
18936
361
35173
2256
37082
17450
14727
11167
32617
50132
11622
36819
35339
53777
18884
43186
5905
46534
17058
18482
33758
21178
42393
39472
40409
39014
14048
29013
1272
34142
8839
8421
26007
55610
39912
54522
21415
34705
54027
45364
15174
21770
31519
40679
28159
41294
29504
23492
31013
55215
10477
39991
40267
52922
15994
882
19401
14349
47941
47988
49221
42243
12299
48140
12540
16521
44910
50234
33445
38991
20832
42841
25922
39331
18261
14154
40706
14
2822
33572
50482
50984
31755
5550
39383
17500
36173
43553
48422
13693
2080
34477
49911
33306
22679
55869
39222
32647
49272
27651
27299
14471
21369
38515
18813
42268
16339
52723
53462
15150
3926
2026
8540
19087
31427
12114
13221
26267
17103
54471
41183
49014
23416
24131
20460
4074
13726
20034
10594
17884
23374
49385
384
37306
52193
20146
12101
51623
35747
37770
40026
32642
47425
5103
32972
17079
30625
9077
30913
55190
26139
5713
9870
5824
29295
12382
32947
33638
33113
49843
44354
7854
34840
51993
45241
50245
39474
9742
42076
17440
16640
48764
33900
14760
17830
54279
49013
42976
12255
42977
43915
19338
54977
18751
15403
49456
12582
796
3799
12085
45557
6622
35532
9876
34513
55636
23798
39248
40805
23811
44469
6785
4550
34799
46180
34568
45665
30791
47668
7177
22506
4260
12814
54623
54109
13092
34714
38713
22148
28323
25474
50584
30145
38968
47130
8479
26834
50978
9115
1716
28102
18266
6616
55046
39105
39832
3604
5521
15214
27314
7420
29735
11959
25824
28954
5253
46923
44172
6405
2294
10145
5668
1624
25146
18788
17596
29970
18778
13553
32403
53753
49624
3921
14894
51144
43744
20495
8053
17013
36653
23347
55355
30281
7684
18152
1347
4807
29038
39218
34451
36716
40241
49227
45253
27930
54283
24998
13368
9134
24707
21227
43712
36679
9495
18061
26521
53550
28183
18603
8543
29158
43100
1865
47887
8991
35057
10463
14405
7013
50033
36563
8538
19955
53678
542
39241
14662
2931
30558
53479
31567
55603
29797
52189
28388
4722
32090
46232
49565
16338
23499
38596
13728
14358
54078
22227
47930
39234
44866
45747
20483
35491
6334
19499
53231
54309
54789
49107
7869
27341
5145
34868
48666
31990
55679
42656
6135
28369
6971
28658
20488
11279
8618
37779
52517
55142
44275
9824
11585
8752
22232
46037
50913
5607
23344
40148
32673
13820
8166
24388
50717
29527
47827
30513
43877
32172
7256
34322
24282
6239
52987
20045
11487
53533
40949
8530
32349
54104
21350
50972
19917
38902
47098
11724
35897
40084
32922
50004
46919
35719
283
24034
25042
50785
50828
53894
19221
36408
18531
55261
55953
47027
23201
31556
41937
32161
23123
53780
21553
46671
17677
22656
39898
13781
50612
18921
6953
53417
623
38580
44362
55752
29090
19919
11573
24369
5039
23704
46819
23593
30165
4275
32778
5993
37541
41091
24752
30420
54533
5936
45978
12368
14261
12455
7031
19218
36933
47369
8679
36617
47862
7168
10688
51627
27013
14928
54363
26133
7052
27751
37273
13256
42628
865
15054
19846
29321
43529
12662
35685
31770
14200
11043
27409
13160
14277
17777
22437
2507
40767
4080
14799
19786
41684
24602
53197
7041
42112
27078
17031
24227
32780
35126
8138
55998
19948
33061
47960
24247
2305
40792
33443
26899
46709
6911
3049
11462
33801
33603
31185
35760
9527
1404
51130
47119
41951
1583
54403
52430
51702
34239
37097
43689
50163
16407
37694
51800
42340
36662
38240
38665
33234
38181
50953
54559
55105
17418
12837
38845
45330
37723
13143
1043
18904
33038
42343
42435
40359
21929
300
20416
17939
20218
8256
41679
39458
13994
44865
39785
8830
388
55370
24370
33972
38112
18472
23701
53169
206
12744
40350
41111
31822
11005
1911
964
13381
41849
32319
47539
26537
40341
44546
26756
7562
9244
38063
5992
24136
32376
37565
17495
51730
7390
11955
705
27171
16022
3981
47047
54380
36604
39666
27337
12279
4271
24640
38575
17164
49951
17802
52316
49057
34701
42951
29043
24425
7358
36478
51221
38696
52290
11590
25096
20692
8482
22764
36181
36315
12696
23311
21277
53447
44095
32249
47878
35394
41688
28685
52413
33632
38966
50095
21655
25196
22990
26169
15066
6541
6008
5410
12713
50583
17529
33853
32514
26456
21864
8617
54177
50762
2749
2391
27519
40555
20241
10245
1105
41623
43726
27518
5843
22758
12727
46954
16483
43154
11967
11318
45888
16629
17664
11756
10654
43039
28821
9901
522
1617
7018
52647
25627
48233
54152
51579
38712
53398
3785
9840
45146
52689
10962
34321
1605
1613
31939
7896
18799
41532
25226
6825
4183
20529
21721
31518
12578
37094
14312
51437
35296
48296
4104
42921
2609
55435
7923
19379
54651
41574
17356
29887
54156
24797
10957
50685
36618
4008
51163
21400
53299
34558
48328
27599
50922
54920
3109
10845
53067
16428
23802
26749
26573
16358
25347
38517
4689
31672
25638
6539
2939
5924
31140
38589
29617
53622
34402
31152
4939
37507
13584
17480
34600
22979
11574
8906
51786
48632
54739
12261
55706
22648
46466
28701
12133
45833
32332
1523
12320
23428
44653
34691
15003
18712
21041
25099
42740
12129
40222
10436
27267
51954
49112
52735
41753
53641
24659
42698
43341
29031
53804
48726
18021
40766
3519
45957
37912
55414
21846
25775
52679
8678
43040
31354
5693
46497
27943
17669
36701
32803
24802
32790
33110
38647
45893
38295
51918
23703
40071
18900
54663
28554
22667
22907
3518
38648
6284
54382
20911
45631
41764
37822
28972
33816
18207
35080
31431
41888
4272
33913
10567
41846
25877
6234
11062
50916
21489
23170
40896
43514
2908
26700
15626
25268
39557
53124
55664
32170
23109
4763
6425
8311
12485
38197
40050
33520
38040
11212
14884
11985
5369
12604
45459
50016
33773
34104
11286
29834
4462
29666
12343
16141
36683
5994
27282
36359
13624
19990
49214
25177
49425
17613
35665
371
30348
21174
51082
38
39719
37393
17021
11957
25828
23587
34150
22571
4542
2228
53254
47138
49211
20771
38143
53272
27876
41745
52474
26492
31349
7127
3028
193
4677
24318
400
47759
13890
54632
48946
15301
11087
25295
7572
11031
38291
39697
13571
52957
46704
27033
5918
42071
49873
12649
20667
12476
50062
12422
6113
28265
6244
9938
25782
38022
47412
54137
48669
46916
8587
20456
41195
18688
10806
44259
48123
39200
19615
55582
9512
44062
17785
49054
34051
28933
21783
20255
27252
23735
11617
37152
49865
49137
12530
20959
6720
5580
23843
32481
46265
48291
21397
17314
3516
4630
38500
40208
23743
48318
20613
30861
8458
6881
21727
49395
30778
14065
49069
13691
3234
21120
28330
28742
33858
20207
56018
41601
41475
10315
45822
40396
35152
35175
1957
54561
10273
19283
25172
54465
311
16029
2602
17009
46728
48811
44736
50072
32939
54982
34962
23473
7372
54551
41259
5275
18940
7661
22118
46015
42941
32032
27429
47125
17744
31182
40363
15089
39326
48433
54028
26796
55033
23192
44879
9488
10540
22675
42663
18536
47135
37128
32870
42966
50586
23516
29758
46845
12996
25009
21604
41319
24391
870
20504
33472
40481
19920
27555
4551
34612
55535
50655
50255
42497
12525
43086
991
36840
20392
41137
31183
17544
5374
41134
11966
39828
5687
35016
16540
12603
20100
12778
54655
55778
51121
49935
36330
5334
11960
4508
25450
18048
41057
13119
14585
33111
31817
35088
15501
53930
24344
49074
41995
16157
17722
25399
38984
19051
9433
45283
15362
20970
36575
7450
33327
20649
17553
11551
27073
31823
7751
3956
10190
789
53453
8640
10425
12532
28725
21973
11484
42020
54373
19321
43599
2581
21750
44378
53984
38419
4291
36115
54831
7071
38011
6102
25367
29900
47442
19086
35880
36378
10948
29242
399
20874
52006
14909
28092
35241
10489
42876
22840
50773
4602
5099
44394
52116
42604
38450
18328
50504
46063
49799
5078
9703
24959
28124
11039
26598
46808
19249
17167
37752
35219
5441
41025
33418
44917
6819
41710
7234
3362
31530
1416
45745
12098
42633
27048
34685
40224
8594
29170
732
2208
26616
35380
23162
5981
4667
4516
42637
29924
39651
3822
34793
37962
12119
46281
33022
38625
13475
43568
8669
26552
40880
51307
54329
29216
4198
46036
20538
12334
52281
25570
15264
54033
46827
22726
42438
45036
31804
7125
33507
53332
16552
45204
55075
24516
3608
608
51068
24291
38794
19291
14258
17763
7719
28285
763
20888
55700
7464
43279
10268
50101
1745
36665
6467
22254
26575
50213
19017
45567
39153
20559
54328
15208
14428
23598
50037
27845
4960
49790
6407
31773
6606
35817
19758
43954
37505
2956
36102
49783
25419
54185
4031
20906
5604
30818
12077
19422
42058
7715
8849
5570
47805
52026
47804
50531
18765
15213
22519
31544
26241
51791
19519
30438
15664
56066
53908
30889
45400
36411
34172
32579
22438
27898
3836
54081
53988
3806
46520
13195
46146
29611
30684
13751
4498
4583
32719
6031
25809
44344
42927
35954
21998
37944
8315
44282
39333
40178
7915
23243
30545
33675
48360
32782
7799
1205
11426
6600
42654
33843
2550
14285
42664
9933
6538
27998
42782
52504
43597
32505
12427
49885
20272
4247
14543
15097
29066
41699
19293
13267
14129
24604
47338
22039
21768
15946
49487
38912
6512
45519
24407
28195
561
3823
35145
26794
48995
2818
26053
40049
40930
11393
22048
38586
6231
19716
45509
32226
41216
51357
54937
2771
42916
16367
14252
30405
52628
51824
9136
13991
27345
16630
32980
50778
17016
22322
10392
5609
53629
46598
8065
33391
36570
18962
28705
14943
23442
55291
17551
36368
28861
5614
12722
34169
54120
3296
53715
13060
12619
27863
13289
22194
25277
27752
2611
20485
4282
35052
52417
37147
52409
43994
4334
1155
8757
672
35864
47160
51261
55858
17469
22526
36434
16621
17542
19975
523
6459
27343
44463
11927
14302
307
39257
28540
9364
13505
36203
33185
24706
21098
45904
27793
24860
8192
39425
55081
40656
28406
16063
49802
52936
45070
20541
40483
49523
26922
1285
29492
35231
31877
20406
6328
9028
54129
22792
44488
29453
44310
13228
54681
39016
13652
51303
10141
29534
5013
48786
6894
47051
22127
1729
38560
3502
43504
55734
18971
33686
35707
55492
31263
33800
16558
19564
14815
29048
33866
14282
43582
55223
13655
50289
50457
20619
2284
530
1646
43343
54305
11731
39085
10357
27163
35475
53108
20514
51138
49632
51899
3312
47169
23322
52388
46142
10624
45407
51903
34371
40939
47474
33980
9214
39409
8050
23523
7409
41009
39565
24732
52427
911
1485
23705
28764
18327
47311
18964
10640
20744
38479
5237
13441
24852
33439
22578
16314
13509
26550
26690
30557
10468
19173
20642
47469
36424
30069
10893
56030
15240
23046
29780
12682
27067
43956
31478
27913
55376
25700
23114
5531
22966
51645
3811
43581
14583
36194
23199
7315
44391
35085
37359
3239
5602
25998
7421
666
33219
26814
31304
42519
3550
1558
23446
39734
24545
5585
39426
34289
29318
26322
8702
43774
49005
39528
8986
17194
51933
13449
18947
11134
42316
5296
45524
23472
31932
31515
47254
20133
32323
25753
28672
49141
26932
1055
18762
50362
15363
30979
17767
6093
16273
18541
43059
12497
19941
34152
7767
54189
35033
4403
15043
45549
48665
40223
4881
15232
53803
45873
2206
54459
463
45911
30692
8992
4251
2306
52955
128
25015
2298
21440
40055
22933
33417
55578
44693
54263
44302
47177
44793
50666
39297
5260
18054
54661
30455
21517
53595
10004
4419
14605
17579
31961
45601
51034
49070
11674
39853
44675
45594
42754
3585
3085
13294
19168
12103
4794
22563
10447
53887
49514
9754
5897
19808
3171
14229
51697
5479
7093
28665
52033
19370
43695
54442
19949
15222
1743
30277
50368
53291
6813
31529
20516
37275
6156
1586
41355
1692
39892
47981
11722
53378
35980
48254
32832
39826
24779
4490
10992
25688
13170
30501
6362
45726
8524
3656
50560
5042
19432
49155
36302
25718
24155
33553
54383
51241
64
25964
42337
2646
46937
50979
25168
50193
47588
36191
38842
11303
23494
49153
23519
23003
44766
9965
24838
36223
29073
49694
6589
15830
34509
9907
37319
2587
11887
49512
3211
38294
35560
3317
26791
19498
50573
40548
21189
38332
31277
48480
40850
32042
30837
32508
28116
19886
17800
13606
41109
33053
48507
8469
6004
50812
7225
30111
12309
42632
12804
55490
15608
29282
48201
50998
20695
7776
8083
32963
5676
4297
52265
7438
15277
20124
868
13231
36167
35429
39767
5510
26924
40059
4236
5747
11343
3135
22658
29019
16471
7905
42092
45903
5080
31471
1045
21550
8150
35839
33890
45818
26076
47578
29677
2464
11015
42450
25630
41576
43269
8329
42858
33598
37874
2616
30412
12938
19769
24038
45087
43219
120
19427
44548
53449
10554
46989
34867
8759
28339
30487
4712
23521
55763
29953
20627
43361
39232
46089
33881
23041
16502
28523
54926
15808
6122
15935
23202
43321
52611
36814
16180
11654
6488
19042
28748
24758
51480
10739
37630
48989
12414
13750
42865
28284
18586
32136
17974
4105
50339
23209
1547
29397
803
2385
52262
19290
44542
10604
33755
50625
1595
40976
3606
37533
35611
46993
3556
31730
56070
16571
20053
12799
53318
31766
15886
51377
48231
51296
5318
1822
11549
5498
21262
15557
38723
42373
32767
31678
3835
54142
31379
32373
44997
52721
52058
44098
5561
4304
48243
49336
39732
15198
40490
30658
19901
23302
11408
5541
23197
26601
31077
35074
48400
32212
53812
11865
22920
2697
28850
34897
26383
21957
30890
51737
35395
40032
6059
11052
2264
34250
26744
28458
54694
20479
9425
52074
13852
13414
6202
3282
28114
30549
30976
52098
36817
13554
42886
16851
13614
53614
56016
2050
9584
7443
46188
20638
38556
43707
29141
9771
42096
13528
27834
14292
27749
44331
28882
17849
41206
45825
42859
27575
38919
3853
18050
42116
1325
15818
10458
34784
43215
35103
7025
42455
303
44760
25241
48832
20354
10086
32824
44507
47050
41867
22400
15047
25088
1427
13305
14139
19288
18825
52722
23052
14044
11624
23493
38458
39911
51874
32165
51656
24680
51779
44898
53459
22286
52120
41885
33172
41817
2708
5969
7587
17360
8665
53000
45196
39042
20190
21302
4532
24685
24520
41314
29872
37712
44245
4409
24494
10901
35189
7477
16446
30388
21930
38519
28848
53285
22540
28083
40029
9674
17470
26215
16248
50673
38385
10671
25055
18318
55717
8955
4901
51942
37106
39146
9194
48049
36423
15039
44599
39405
30644
3066
31318
21691
14637
43288
12131
26485
33551
17675
23402
33151
33988
18189
29921
44515
994
3225
53948
44826
29220
33444
41785
19358
38963
44377
19475
22126
42410
10153
37543
26726
35741
45148
47246
4019
19515
33712
14678
11901
7657
45596
23560
13789
21549
12459
51862
5096
3877
4586
55984
2019
17501
2087
8843
44647
17060
47691
34036
33710
46065
29598
30617
36965
579
44023
39968
37176
48760
36276
42932
38290
954
37183
12955
30510
25250
7293
40478
47743
44090
5347
44097
52930
6261
29469
24012
16130
28774
51298
46898
33542
28674
29798
2612
8196
10765
36738
37919
49515
5194
14182
21988
19209
44051
42305
765
41164
47041
9275
19187
38222
33515
14973
51750
908
6305
52879
53823
55466
39914
36235
51817
44745
54057
32797
30394
10303
11520
32852
31557
34707
46174
26821
19170
41323
34166
26536
47249
14582
33648
39794
318
15372
21818
35156
38862
34975
13198
54936
23438
36967
18381
968
35122
21038
13903
28634
16442
1472
34019
19636
7580
28202
32195
26245
30418
33094
50172
36113
39830
20234
40958
4920
40352
33204
16689
33182
7823
31415
38635
12659
27702
41179
116
5738
35971
2179
22010
36214
12215
4611
7576
41380
27983
29696
15157
5472
1941
13064
41385
19396
52664
35439
3409
22881
11812
33359
11205
18467
48624
23600
13774
29385
42433
11603
55200
55243
34357
31825
49269
55361
24947
38305
18642
27538
54031
10555
47776
54507
19182
8670
46020
35809
17213
132
19032
50207
12403
35937
14419
50073
41779
14998
46730
20922
53351
52113
50445
34283
38944
32173
17872
37813
39841
31749
38859
15483
17452
40602
7645
17254
24278
699
3521
32281
52091
20095
1478
6014
5871
19839
20008
25333
17162
31328
32310
32649
5793
54625
39435
21600
16889
54245
14528
30748
40101
45746
49793
54595
23585
20148
16625
13956
23383
30551
42258
41082
27265
2925
4944
28170
23767
35077
22482
26132
27161
31095
29408
35957
29199
3278
32718
19207
51857
17284
22103
16461
20445
23606
46112
43890
19768
43638
46362
32918
34729
32789
27714
54654
43332
52061
16823
32041
55793
23527
9382
56026
15122
27286
31998
47185
25154
16877
18871
30959
1292
34889
9407
15475
12372
8863
42148
11458
53007
4139
26681
10369
38657
4529
34561
41727
28859
2851
6356
50925
41416
1477
36466
1501
50164
5721
6961
41509
45425
5950
35374
25231
7505
16468
25309
51516
45869
45219
10734
54032
28261
41426
18863
48068
18338
25621
53973
8020
9782
31370
52797
19835
22326
1644
8927
17513
15435
16470
22968
11228
26503
24999
38077
5107
40762
21275
24371
7681
9702
48366
51259
6246
32948
20113
55352
34621
44801
51343
25011
5235
17264
5620
6099
8234
4320
16701
47584
25844
4963
41681
39037
41946
30737
9668
27663
41246
46934
43128
31042
40927
55197
55412
28233
45761
40275
42759
9277
5489
45443
47089
39712
15179
4211
9428
26397
20513
16758
43966
21513
4280
53262
54331
50428
4346
2425
42833
12020
34901
49717
55891
30872
52051
38587
39325
2239
46144
46444
35266
11174
13518
34537
16275
15499
28372
19725
2126
25364
16056
5419
13534
2079
53526
39109
54771
15653
9378
2995
55843
45520
41677
13255
38578
33886
52407
51650
28189
44923
23568
18045
1936
23040
41050
44731
41923
36047
32198
36258
3592
55087
51915
24743
34228
38480
32295
20086
18975
23355
293
24184
24927
35006
16867
18584
22105
37338
36071
2421
2182
36221
47983
18592
33804
31613
35680
20257
33786
41383
21251
40397
47052
55842
55447
52414
34890
48225
15246
39456
3347
9174
50976
40215
44747
44871
7295
36579
9741
11490
7793
9943
8642
11175
15344
2542
37981
36125
12389
36906
3598
41359
29597
52726
9958
10824
33121
38383
28332
6019
21008
17466
28112
3791
43762
1171
28983
43268
20348
40110
17441
17558
2364
32398
30424
39529
47243
18442
11169
6703
11485
49430
55962
16811
15223
47202
40552
19658
32128
48337
27878
48521
39010
44601
48210
28071
54046
12888
40848
27215
21279
29132
43889
28815
13126
42528
6018
37408
55624
9105
30099
31500
19098
22331
11973
22953
50679
54566
25590
32297
55463
27101
36942
6217
12666
42409
11099
26221
12035
24256
42478
43776
39566
21667
558
43265
10337
27712
42963
51306
55165
18771
53421
24221
47548
19970
3725
13851
21061
49036
24738
43626
50241
5177
53118
6942
14257
23762
7610
53424
43730
19888
40420
7836
10239
20840
9299
52368
46679
12860
10503
26597
24551
54100
39186
44358
43150
41481
9157
1801
12579
26002
37272
40333
36246
42219
47101
35474
14651
52566
45661
33310
43410
32115
37945
8147
40627
5806
44355
15007
54289
25913
39921
10149
22536
47609
40313
27558
25729
41742
36980
33060
27066
11666
17248
16800
28418
28290
10732
19019
37430
32874
43280
43812
53764
9729
36658
38050
42163
13597
54066
21560
27361
46913
3563
7547
34335
11766
2862
9140
17427
13838
25681
55556
53490
44748
38895
27136
7717
16386
54534
54123
21177
3999
43510
11627
2268
8886
15334
16699
11249
55350
53916
3790
40623
46907
2867
9111
33071
55249
1090
45170
33139
21319
49726
12170
30836
22311
15197
43296
15551
20240
12481
40995
45625
27806
3580
43493
15497
47912
50127
55186
42271
50580
18960
4948
53160
27699
41496
19733
53097
886
19366
16467
50862
7381
15387
46539
41147
3319
17430
8847
39000
41449
41389
8684
11265
27522
8755
6547
35799
30270
53510
42797
33502
12482
38110
38735
29280
404
14188
30521
5865
51325
29457
43468
37227
19047
12984
33285
18223
40514
21361
13765
15888
49927
17126
18645
32614
47321
5605
7524
25647
4262
6941
45073
5009
32561
22469
18682
7510
25114
50235
46965
16319
23125
27376
55758
46419
3733
42727
3588
28396
46940
51227
13405
30313
5155
26762
14901
30797
27539
25307
2548
49
17565
37706
53281
44691
20837
42045
25763
40106
16281
12567
11982
20060
50121
38892
35039
61
49078
34497
18158
5501
15117
10271
25414
15384
8822
14970
15698
29387
4039
110
34499
8214
34652
18574
55881
40441
48264
51502
13992
55050
38807
51077
36675
34064
50804
6950
27240
20533
10611
32823
14565
4467
9445
40198
5878
39762
7650
19620
25374
36610
38967
7966
52598
30449
39599
9029
31069
16392
4007
9229
31454
17163
16086
28746
45352
34138
39215
51955
30736
26370
53880
32735
26231
4483
48333
9857
38101
14923
46614
18505
51674
41962
3276
1341
19003
25887
6463
40100
55100
53987
11658
25449
30822
42924
24740
264
39323
30750
38234
51754
48006
2444
55398
51815
41072
31266
24060
31642
51030
25193
37557
4000
51690
16947
1584
30108
48344
20933
9626
50086
51669
24122
49332
53896
51432
46156
21545
29653
22619
15176
27706
20684
29106
17435
35641
37468
47796
17659
54799
1783
55908
13439
48727
50262
12088
138
23583
49841
47675
23642
19619
55707
19582
42690
3987
45339
42088
50843
55633
10506
30654
41797
27547
12926
51145
54750
40417
23043
14931
24170
25288
41956
45775
13941
5837
47458
49831
38431
19133
20403
23213
16443
34906
37269
34893
54677
40155
44916
37084
12780
49279
43420
38123
55159
48604
38978
18653
48053
46189
28757
17860
52179
17678
13379
8750
46057
45772
14152
22255
52960
37
29462
44771
20729
55182
6011
44966
3994
37831
12850
26275
4527
38041
29977
2877
28273
11214
21715
15482
16741
36018
47057
35255
7119
20543
19697
6838
48558
22183
27885
32228
9618
12364
7098
1035
33078
22607
31658
10212
41942
51595
36566
13999
34725
50837
20501
18100
2251
27600
1506
32690
26852
47481
52436
11190
145
33459
34107
43110
9061
19392
1239
19908
30600
16520
20395
6232
41526
35034
6731
50947
39190
51472
32542
40758
86
22762
7943
39344
53585
19236
52402
22132
55770
13390
15663
54072
44322
21379
5181
52856
34918
9918
35973
30366
32644
9297
20058
30579
16069
33349
16014
47996
4512
46677
17000
19827
7512
31292
7894
53839
948
31359
7236
52673
15368
40446
37890
7977
51498
45812
13146
36748
36068
46584
22688
25323
2477
54367
38453
20185
40750
12676
29765
44952
6259
37947
46495
47669
11077
15943
10481
18793
54817
462
21114
8885
50117
26152
42900
32265
29920
40118
34304
20411
4848
54574
40292
27399
28820
9451
45035
50231
23985
46928
30409
50735
25562
21877
130
20849
7994
18402
46682
11271
16876
49835
53993
31681
2626
53121
15589
14731
35459
8067
9894
10826
1402
6769
16035
40866
8805
5186
15846
9525
21686
47362
55934
54360
29570
8676
26060
17474
21287
7043
27155
35022
34015
39998
10042
16641
15591
4608
155
29771
6596
23647
10011
18755
45718
39827
55580
4905
17076
15849
14516
36528
7542
41104
1288
4305
51738
45357
34350
37150
5055
53501
48330
53692
41322
6999
23016
19842
49223
35372
18613
6091
16432
26994
892
46783
2085
51633
19080
6658
32425
36593
42297
30097
22999
1856
40675
2100
38359
51720
38776
46798
5156
13003
54497
2797
12521
15225
50801
28215
52542
4292
55573
20634
1819
30114
19322
4348
53604
15479
218
42209
54833
8144
14668
54989
19722
4568
18439
11604
48827
28475
54552
53018
24940
33910
43225
47874
11685
8816
5115
28964
27372
10236
42353
36642
33083
11326
16990
49687
42517
23449
43993
25004
51060
52784
18807
5677
52331
13065
3975
33582
48216
45149
9470
34587
31384
28497
37810
40295
48083
52475
27414
15724
11884
24083
42227
22841
29190
33035
15517
35825
35120
16301
19544
562
10165
37509
42551
19251
54337
9540
39427
11193
53423
50728
12889
35472
23399
23424
52970
7473
52167
52362
16927
18267
32554
23128
25904
5946
22334
15695
46409
10946
771
13455
7094
40699
13813
43785
40839
6493
45590
13135
10672
51426
44300
1973
10520
22193
31715
30729
11336
36452
651
5975
47888
33718
15779
14104
53482
7335
34792
45795
32002
7110
30364
5555
16466
26799
3132
14843
32522
39856
35430
7951
25101
6954
23631
17576
33711
39210
13384
45518
6142
22190
12054
53006
6788
17541
2909
4866
25582
3470
52578
26579
20408
43971
54705
41979
20258
6383
25969
24279
19785
42907
11307
23850
9311
43539
44351
14874
33622
22424
42803
23371
12456
30166
49136
24085
22198
40610
30805
32772
18718
5784
22650
33766
34251
35093
4770
25682
10329
22031
45581
39708
33535
32416
31705
20854
33634
26644
6177
15335
23390
26337
52713
19361
44588
13587
17027
45206
52450
27922
37009
3307
10988
2455
8701
9597
13542
23907
3938
47646
30940
5405
23754
8193
48148
33663
32753
11191
11607
551
40167
8057
20995
40052
17871
21922
11878
51093
16160
40636
35425
25
45760
40683
32850
12539
41222
5358
13873
42906
52371
39306
27295
52657
9073
16297
22240
31623
21716
24152
28353
51679
32135
234
22391
37099
8376
55354
43810
22980
46136
10641
10710
17641
41758
26775
39439
50305
41396
18215
36257
34354
23116
34904
23423
26863
31621
9962
53824
37660
24714
54284
46714
19254
14903
20369
35709
48500
21537
12997
40521
11728
29894
14246
32839
35424
44070
48439
4278
36
19054
48104
21310
494
7123
41889
21294
22756
36327
20835
31173
18143
3605
31918
32496
10269
21172
2871
6856
18854
52715
36094
7771
55458
41171
32348
2912
50180
5400
18801
5776
35251
1616
29964
20628
33653
18951
13278
52334
14535
9040
49501
51235
42365
20526
41199
16184
35941
32755
7832
12932
22080
27492
982
7561
47723
35005
35733
21868
33497
3428
34857
41220
55191
55640
47124
45327
34755
51244
5431
31023
8719
7689
23179
32240
49546
37081
26393
27731
29805
53232
53316
40469
25712
8174
4407
45776
8721
48095
10397
22964
6771
36217
44408
41530
5160
11006
44593
20564
25785
4191
26714
19836
30013
47953
44396
23530
54608
1750
32197
53050
29751
47835
20305
47684
13590
43722
55646
46519
4021
258
17759
43135
51968
4934
48599
53401
6576
11943
41491
18550
34120
37973
44531
19687
36779
35114
40410
35962
47999
15364
39309
53925
50335
10128
39801
53070
52027
18994
40189
11528
17855
34821
38226
21416
4182
51615
32273
47677
47610
11466
25971
40020
31441
17292
43503
5193
28310
24687
32120
7459
54678
26281
7533
30259
48345
21584
42285
1645
63
6619
39361
12229
25257
19598
35923
703
31520
3632
52772
47085
39321
16844
34577
12745
43204
54079
24613
38105
44565
16265
40809
40722
15752
12359
16135
53797
42982
24950
12263
18018
18466
8457
41642
44836
38705
51825
25560
6695
33902
50354
46289
21661
7368
10659
828
8930
22348
44624
14855
55542
4885
25328
54299
6386
8529
55326
55180
27827
11672
24660
20033
24897
49900
6565
18106
19699
3815
29057
7991
28147
17078
2971
33332
33681
41578
7001
16875
47532
24198
17436
24109
24392
22485
4860
3696
29514
28921
25527
28631
45779
4152
22390
2515
27362
28989
26270
43205
24450
41542
20436
17007
38693
30488
51855
25051
45401
48094
12558
13326
13188
44460
35739
39951
32516
23535
23480
16968
47575
49499
48362
46525
1179
14455
49819
36558
28680
21056
9785
17215
56
222
48968
9945
8336
48976
21797
27315
28707
30932
16073
35535
23095
25318
52185
33021
50755
34526
31781
38824
55736
14401
50676
49122
34539
53491
24200
12312
44492
29406
29211
47152
22016
43464
33010
42249
44900
5163
37776
36046
50270
53769
32117
21927
27666
29165
19278
47325
2916
35995
41997
53704
18931
35305
55704
41083
13113
50598
16513
42363
42121
8534
43009
5680
45131
20668
20961
39745
4337
12808
21338
47937
44598
23083
11506
23443
45132
11598
34546
19059
51078
45987
45505
13894
55316
39620
11243
55306
10465
2260
10516
47727
5763
32171
7398
9662
24646
55937
45402
43937
53996
34865
30188
17393
52693
55213
17512
43211
45967
12166
224
46829
27760
38897
40934
41535
18918
35783
4147
25255
53132
47235
17145
6406
24932
24961
46575
28898
31272
15904
55635
21406
2566
47954
45810
4217
46343
26959
23969
49645
40998
32923
34233
37566
6116
17665
55001
33595
41683
1518
25316
17831
41517
17799
2149
226
40989
1958
8565
41680
21242
2357
55390
33361
31726
3872
491
6347
12526
22071
6075
43025
27697
28904
35784
46716
12951
24608
29470
50995
49133
9021
7930
4942
25783
13923
41173
39788
49480
16911
8206
30323
22616
8438
48969
53653
20803
31464
40940
43834
20681
19527
49434
38551
873
15492
33825
35419
4069
21847
18417
43593
33567
10653
38418
33960
26145
52736
49957
12001
13720
13029
56029
8428
40272
37940
23646
47081
21316
13203
50628
15206
25818
14088
23614
51295
25336
37599
2831
1040
43169
35717
38550
51810
25739
33981
29841
26900
28258
52303
42533
15161
53414
18649
53643
27554
23346
56005
6274
7308
44798
24644
15505
2219
46429
49488
38070
1344
30742
15431
18150
2188
2782
17143
38423
51356
20316
30263
19765
48890
10626
10720
13730
4072
52232
29147
1166
35559
29251
10791
16690
34588
38231
35422
1401
40193
816
16106
1785
35476
2681
20019
34919
44003
3354
11482
37589
18464
274
28342
47007
47741
43021
11304
12375
44606
21627
37427
52109
39820
23706
29668
52125
36457
28891
36043
53265
37424
52875
44176
51975
5799
1841
16770
46360
8075
54310
12637
43289
17690
19693
37737
28003
11628
44403
17504
29756
36333
20284
8385
51872
23387
34772
30530
10235
33765
4455
1619
28828
20166
55130
958
20336
50400
42985
33511
14737
20889
53195
53879
21126
50348
21707
27246
34500
49875
27926
19350
13066
32567
6725
31461
42879
32926
33124
24726
48502
27107
42863
38236
50763
26570
22264
9845
31966
28477
27996
5095
5126
53664
18737
36692
11146
27276
45495
27289
36064
15540
30771
17036
16612
40752
55808
3731
36784
3612
5482
34430
43927
24656
14150
40164
11224
1209
19044
30808
2118
35789
32622
44402
33175
5214
7148
28021
4045
38570
51980
7003
36519
29169
6224
21281
31929
30646
3478
48749
16170
29460
29161
16380
172
12991
33131
42308
28856
30109
50423
32105
18889
39481
47064
9511
11429
7149
39278
37247
15798
44514
34690
10660
4603
14015
36513
28802
7050
12122
54455
38558
4847
33512
40297
42230
8717
37240
11941
13340
55337
13075
11483
12620
29187
29072
10356
28
34789
9873
41899
9054
45445
5765
25160
28390
50881
41160
15249
10879
55997
40236
8880
25090
11298
55991
23297
28486
30731
5577
39376
37033
38008
24727
51373
26194
45492
34444
51365
3682
20625
41176
41045
31371
13686
30169
31289
988
46210
26424
41654
21908
11821
12465
46196
19082
9170
618
19397
32891
13235
3413
17961
2448
54307
28076
16966
43803
16308
4883
37342
43478
50663
11489
54592
5236
3543
15680
37537
2433
39519
55870
23640
22423
1430
46791
10237
20807
42389
53953
53658
35073
1569
50911
49287
32986
7811
47019
3931
50510
3069
41273
33341
29670
47156
22430
48194
10917
29618
48538
13173
30019
42938
21945
10658
22970
39227
10838
37479
3484
36356
53940
48839
16232
50551
7068
1688
14759
514
16941
44414
39622
47279
4387
9954
33717
40777
55394
7621
41146
54835
43607
33742
53992
38251
24275
10
46515
51448
41629
45470
42295
6238
2807
5827
21662
54786
21738
17122
45521
23537
3368
4011
11440
9151
56080
48611
17499
42547
19890
8005
14505
26200
55413
51837
39251
24633
29248
15730
3260
52083
40582
32277
2664
16090
21946
33280
50714
5977
21941
3473
2267
16731
47778
38002
22138
22195
45064
33353
55389
42885
15694
24429
17306
52872
55328
51094
945
19623
15188
23010
2259
45476
11897
55695
14927
3827
52258
44045
39402
13017
15154
18969
21893
31833
17839
48678
31238
13628
46721
37062
37251
35792
3900
35192
43142
33704
16618
40904
14769
23546
55613
14925
46995
32098
13315
38094
17648
21303
5418
20286
17721
22083
8233
6508
11310
52888
28008
44436
6678
37035
29800
3054
27292
47736
36974
53161
50582
26939
11253
31059
21395
5166
11747
25005
52500
1978
53114
42483
25573
13888
41999
3153
8937
35203
29577
35388
25170
52728
40971
11148
2051
40870
3547
55063
1568
14481
10336
47880
42476
39615
14911
27589
30677
42451
31574
12104
9104
1771
44184
10818
16363
4999
16067
46231
13314
12818
31646
23461
35580
38985
930
19994
14030
6530
20805
20427
33554
17789
36893
52481
53818
8581
26400
51198
55767
32613
42025
47516
25831
43417
46594
50154
32392
49172
7783
54914
43440
43247
47590
10971
6310
47864
31967
41312
46029
1585
23792
45020
18735
6323
53280
22922
36981
49284
32218
38528
45620
16961
39907
44969
53579
51631
38555
34205
27937
27574
2022
27442
35613
21045
21467
55225
44621
53036
20333
5863
19634
8381
43125
13964
24194
36961
29071
42245
13274
1571
52964
7884
31128
34915
13163
29121
9103
21033
53697
33062
4772
8249
40644
9755
30422
24609
31935
51203
2328
43187
33862
29762
38021
20296
32477
23667
13945
22465
7181
27638
31936
323
34060
17766
7436
9232
40234
54943
11117
38571
22344
35211
27526
13656
25368
33322
24992
21506
48705
49479
51528
20256
23776
15346
9190
10240
28775
8379
35283
32256
792
47829
43604
41876
53885
6736
14969
13930
6430
25584
36984
18996
36742
41945
37145
55699
49110
55085
32245
1116
24880
27184
51587
23157
10485
5751
14592
16652
17365
24826
29961
47389
21007
16270
43629
37369
48994
1790
16198
27803
12059
43151
44088
44526
2377
34745
9617
51793
19641
37464
25321
37690
25587
35164
16276
13225
25223
36091
10697
33214
34336
33536
12283
24217
1354
6443
42225
14169
30360
17635
23970
26865
55562
55632
2615
16436
16704
37829
23911
50229
42647
1846
19235
27907
16938
47790
27799
52432
32530
13346
55195
1259
9786
33499
23763
55737
33576
13078
12369
6958
24684
16032
24001
17113
28855
44
5922
25251
39852
49238
19604
46115
16399
47555
40470
35158
7327
34273
12626
30121
9723
26392
16472
8932
38165
53836
35391
26069
47320
23673
38442
49296
34927
6497
1672
18490
42141
52267
37391
29912
33194
17230
39662
4446
21374
43525
2672
21674
24487
15866
1764
38804
48601
20007
1697
10652
16855
6448
7696
3263
19550
52544
41316
29700
34820
55512
15558
54749
40895
23190
24052
16310
13334
27529
6815
24354
38084
30444
17928
6712
38198
9671
15205
14971
13986
39792
51597
48805
14124
2864
13133
7578
14337
16169
22915
74
33698
11182
34037
11313
46304
16662
3375
41651
45952
4582
434
51938
14204
24319
49309
10545
49981
27870
54951
3035
44590
24876
32266
45689
17115
53858
16805
45439
37899
55722
54990
37887
19156
2607
53716
3886
12315
5778
20097
37677
2048
17996
12342
33706
10109
47218
41589
45464
5267
50267
42304
13839
6689
51433
49657
4781
50787
37402
26438
52805
39567
38106
30851
51507
39436
53756
39724
24719
22017
18837
41707
23392
31485
42423
18332
18370
9905
24328
13799
35517
30164
12087
20106
26355
6964
28754
22570
28822
18460
43239
10927
16904
55978
33614
9091
44563
35573
10511
12992
42078
26960
41471
5184
31327
47263
49984
42105
13012
54436
4644
40948
16634
53303
13678
18169
32510
55002
9815
1664
53138
24611
46431
20969
35757
25813
12975
26944
43583
9929
2359
23252
16488
23463
51928
51358
2338
44047
46536
27842
44697
25357
52750
7104
3940
16957
4979
47092
54864
44108
45311
25383
165
39505
16049
1153
14086
628
43640
5399
14580
15978
7377
2066
21906
2937
51767
33590
26953
43543
43612
49147
53727
32039
19122
25423
2922
43400
17257
428
24845
35750
18736
31356
719
54830
35061
10693
46606
15163
41467
44834
43078
10774
33771
27757
30093
34319
44849
47601
45840
20759
25191
19172
20799
21276
2180
33986
31412
496
34210
7902
47193
55491
40379
39743
14764
53143
46767
22788
38618
1541
19492
33069
49781
6166
53026
40990
55878
52001
31573
43621
40360
29569
39685
5940
45080
43442
44704
52464
32645
1802
38346
12307
13647
12884
24571
8009
6442
17674
43984
9384
25056
25876
7754
5263
44063
11939
486
10281
36311
26827
35621
6190
37345
8414
28786
28119
42839
8576
28853
33478
12080
53771
5558
23345
51445
18137
28476
52309
34377
25064
17051
51517
40027
36119
53627
21575
54811
19628
4433
29041
5204
49352
40687
5312
6046
29813
35269
22057
33080
46176
11867
49023
29484
39635
33668
11978
38003
42206
34805
37702
36828
47380
20009
9602
659
42233
34990
22743
12461
40427
41363
1618
6997
15321
55299
1894
51981
34077
23609
25841
28288
20894
5350
25072
7226
44135
36722
20167
35806
9023
12478
5635
33106
2106
28940
4375
14674
17312
17680
11449
33375
40529
29299
36752
6767
4006
12959
6684
5886
53941
22449
11986
20685
980
29877
7690
4256
20811
10823
13196
18083
31351
55470
35489
37262
10985
11074
39167
54029
54341
25332
20109
13436
46375
48081
38717
694
48568
34832
2398
39963
47648
7038
50208
1335
28225
38561
5574
32079
46333
44761
37830
34944
52147
7280
49725
53642
41879
24618
40127
37348
25205
36469
48768
14041
26020
22588
23167
23806
42895
36657
27940
22027
51116
17942
28015
42298
16989
22722
16998
21910
27542
16435
18561
33679
38184
12446
27228
16967
22542
31074
44022
8112
49140
